-4.3
-3.5
-1.6
-3
-1.1
-1.9
-1.2
-2.5
-1.8
-1.7
-1.1
-1.1
-1.2
-1.9
-1.6
-1.2
-1.9
-1.8
-1.1
-1.8
-1
-2.9
-1.1
-2.7
-2.5
-2.8
-1.2
-1.2
-1.9
-1.7
-1.2
-1.2
-3.2
-1.2
-2.6
-2
-1.2
-2.6
-1.9
-1.6
-2.2
-1.3
-2
-2.52632
-2
-2.3
-1
-1.6
-1.6
-1
-1.1
-2.3
-2.6
-1.2
-1.2
-1.8
-1.2
-2.1
-1.9
-1.3
-2.5
-1.2
-1.6
-2.3
-1.9
-1
-2
-1.1
-3.2
-1.94737
-1.1
-2.2
-2.2
-1.6
-1.2
-1.2
-1.8
-1.5
-2.3
-1.1
-1.2
-2.2
-1.8
-1.6
-3.1
-1.5
-1
-1
-1.2
-1.2
-2.3
-1.1
-1.9
-1.1
-1.7
-3
-1
-1.9
-1.1
-2.7
-2.2
-1.8
-3.3
-1.9
-1.94737
-2.05882
-2.05263
-2.2
-2.05882
-2.2
-2.2
-2.2
-2.2
-2.17647
-2.2
-2.2
-2.2
-2.3
-2.2
-2.2
-2.2
-2.2
-2.2
-2.2
-2.2
-2.2
-2.2
-3.5
-2.2
-2.2
-2.2
-2.2
-2.2
-2.2
-2.2
-2.2
-2.2
-2.2
-2.5
-2.2
-2.2
-2.5
-2.2
-2.2
-2.31579
-2.2
-2.17647
-2.2
-2.2
-2.2
-2.2
-2.1
-2.2
-2.2
-2.2
-2.2
-2.2
-3.1
-2.2
-2.2
-2.2
-2.4
-2.2
-2.2
-2.2
-2.2
-2.2
-2.2
-2.2
-2.2
-2.2
-2.2
-2.2
-2.05882
-2.2
-2.2
-2.2
-2.2
-2.2
-2.2
-2.2
-2.2
-2.2
-2.2
-2.2
-2.17647
-2.2
-2.2
-2.2
-2.2
-2.2
-2.2
-2.2
-2.05882
-2.2
-2.2
-2.2
-2.17647
-2.2
-2.2
-2.2
-2.2
-2.2
-2.2
-2.2
-2.2
-2.2
-2.2
-2.2
-2.2
-2.2
-2.2
-2.2
-2.2
-2.26667
-2.2
-2.2
-2.2
-2.2
-2.2
-2.2
-2.2
-2.2
-2.2
-2.2
-2.6
-2.2
-2.2
-2.17647
-2.26667
-2.2
-2.2
-2.2
-2.2
-2.17647
-2.2
-2.2
-2.2
-2.2
-2.2
-2.3
-2.2
-2.2
-2.26667
-2.2
-2.17647
-2.2
-2.2
-2.2
-2.2
-2.2
-2.17647
-2.2
-2.2
-2.2
-2.2
-2.2
-2.2
-2.2
-2.2
-2.2
-2.17647
-2.2
-2.2
-2.2
-2.2
-2.05882
-2.2
-2.2
-2.2
-2.2
-2.2
-2.2
-2.7
-2.2
-2.2
-2.2
-2.2
-2.2
-2.2
-2.17647
-2.2
-2.2
-2.17647
-2.2
-2.2
-2.2
-2.2
-2.2
-2.2
-2.2
-2
-3.57895
-2.2
-2.2
-2.2
-2.2
-2.05882
-2.2
-2
-2.2
-2.2
-2.2
-2.2
-2.05263
-2.2
-2.2
-2.2
-2.2
-2.2
-2.2
-2.2
-2.2
-2.2
-2.2
-2.6
-2.2
-2.2
-2.17647
-2.2
-2.2
-2.2
-2.2
-2.2
-2.2
-2.2
-2.2
-2.2
-2.2
-2.2
-2.2
-2.2
-2.2
-2.2
-2.2
-2.2
-2.2
-2.2
-2.2
-2.2
-2.2
-3.11765
-2.2
-2.2
-4.2
-2.2
-2.2
-2.2
-2.2
-2.2
-2.2
-2.2
-2.2
-2.2
-2.17647
-2.6
-2.2
-2.2
-2.2
-2.2
-2.05263
-2.2
-2.2
-2.2
-2.2
-2.2
-2.2
-2.2
-2.2
-2.2
-2.2
-2.2
-2.2
-2.2
-2.2
-2.2
-2.2
-2.2
-2.2
-2.2
-2.2
-2.2
-2.26667
-2.2
-2.2
-2.17647
-2.2
-2.2
-2.2
-2.2
-2.2
-2.2
-2.2
-2.2
-2.2
-2.2
-2.2
-2.26667
-2.2
-2.2
-2.2
-2.2
-2.2
-2.2
-2.2
-2.2
-2.2
-2.2
-2.2
-2.2
-2.2
-2.2
-2.2
-2.2
-2.2
-2.2
-2.2
-2.2
-2.26667
-2.17647
-2.2
-2.2
-2.2
-2.2
-2.2
-2.2
-2.2
-2.2
-2.2
-2.2
-2.2
-2.2
-2.2
-2.2
-3.11765
-2.2
-2.4
-2.2
-2.2
-2.2
-2.2
-2.2
-2.2
-2.2
-2.2
-2.2
-2.2
-2.2
-2.26667
-2.05882
-2.26667
-2.2
-2.2
-2.17647
-2.2
-2.2
-2.2
-2.2
-2.2
-2.2
-2.2
-2.2
-2.2
-2.2
-2.2
-2.2
-2.2
-2.2
-2.17647
-2.2
-2.2
-2.2
-2.2
-2.2
-2.2
-2.2
-2.2
-2.2
-2.2
-2.93333
-2.17647
-2.2
-2.2
-2.2
-2.17647
-2.17647
-2.2
-2.2
-2.2
-2.2
-2.2
-2.2
-2.2
-2.2
-2.2
-2.2
-2.2
-2.2
-2.2
-2.2
