1.5
1.9
0.9
1
0.9
1
0.9
1
1
1.7
0.9
0.9
0.9
1
0.9
0.9
1
1
0.9
1.7
0.9
1.8
0.9
1
2
1.4
0.9
0.9
1
1.2
0.9
0.9
2.1
0.9
1.7
1.7
0.9
1
1
0.9
2.1
0.9
1
2.31579
2.1
1
0.9
1.2
0.9
0.9
0.9
2.1
1
0.9
0.9
1
0.9
2.1
1
0.9
1
0.9
0.9
2.1
1
0.9
1
0.9
2.93333
2.42105
0.9
2.1
3.06667
0.9
0.9
0.9
1
1
2.1
0.9
0.9
2.1
2.1
0.9
1
0.9
0.9
0.9
0.9
0.9
2.1
0.9
1
0.9
1.7
2.44444
0.9
2.1
0.9
2.1
2.1
2.1
1.4
1
2.42105
2.70588
2.42105
3.06667
2.70588
3.06667
3.06667
3.06667
3.06667
2.70588
3.06667
3.06667
3.06667
2.1
3.06667
3.06667
3.06667
3.06667
3.06667
3.06667
3.06667
3.06667
3.06667
2.1
3.06667
3.06667
3.06667
3.06667
3.06667
3.06667
3.06667
3.06667
1.9
3.06667
0.9
3.06667
3.06667
1.4
3.06667
3.06667
2.42105
3.06667
2.70588
3.06667
3.06667
3.06667
3.06667
0.9
3.06667
3.06667
3.06667
3.06667
3.06667
1
3.06667
3.06667
3.06667
2.1
3.06667
3.06667
3.06667
3.06667
3.06667
3.06667
3.06667
3.06667
3.06667
3.06667
3.06667
2.70588
3.06667
3.06667
3.06667
3.06667
3.06667
3.06667
3.06667
3.06667
3.06667
3.06667
3.06667
2.70588
3.06667
3.06667
3.06667
3.06667
3.06667
3.06667
3.06667
2.70588
3.06667
3.06667
3.06667
2.70588
3.06667
3.06667
3.06667
3.06667
3.06667
3.06667
3.06667
3.06667
3.06667
3.06667
3.06667
3.06667
3.06667
3.06667
3.06667
3.06667
3.06667
3.06667
3.06667
3.06667
3.06667
3.06667
3.06667
3.06667
3.06667
3.06667
3.06667
1
3.06667
3.06667
2.70588
3.06667
3.06667
3.06667
3.06667
3.06667
2.70588
3.06667
3.06667
3.06667
3.06667
3.06667
2
3.06667
3.06667
3.06667
3.06667
2.70588
3.06667
3.06667
3.06667
3.06667
3.06667
2.70588
3.06667
3.06667
3.06667
3.06667
3.06667
3.06667
3.06667
3.06667
3.06667
2.70588
3.06667
3.06667
3.06667
3.06667
2.70588
3.06667
3.06667
3.06667
3.06667
3.06667
3.06667
1.7
3.06667
3.06667
3.06667
3.06667
3.06667
3.06667
2.70588
3.06667
3.06667
2.70588
3.06667
3.06667
3.06667
3.06667
3.06667
3.06667
3.06667
1.7
2.31579
3.06667
3.06667
3.06667
3.06667
2.70588
3.06667
1
3.06667
3.06667
3.06667
3.06667
2.42105
3.06667
3.06667
3.06667
3.06667
3.06667
3.06667
3.06667
3.06667
3.06667
3.06667
1.7
3.06667
3.06667
2.70588
3.06667
3.06667
3.06667
3.06667
3.06667
3.06667
3.06667
3.06667
3.06667
3.06667
3.06667
3.06667
3.06667
3.06667
3.06667
3.06667
3.06667
3.06667
3.06667
3.06667
3.06667
3.06667
2.70588
3.06667
3.06667
1.8
3.06667
3.06667
3.06667
3.06667
3.06667
3.06667
3.06667
3.06667
3.06667
2.70588
1.2
3.06667
3.06667
3.06667
3.06667
2.42105
3.06667
3.06667
3.06667
3.06667
3.06667
3.06667
3.06667
3.06667
3.06667
3.06667
3.06667
3.06667
3.06667
3.06667
3.06667
3.06667
3.06667
3.06667
3.06667
3.06667
3.06667
3.06667
3.06667
3.06667
2.70588
3.06667
3.06667
3.06667
3.06667
3.06667
3.06667
3.06667
3.06667
3.06667
3.06667
3.06667
3.06667
3.06667
3.06667
3.06667
3.06667
3.06667
3.06667
3.06667
3.06667
3.06667
3.06667
3.06667
3.06667
3.06667
3.06667
3.06667
3.06667
3.06667
3.06667
3.06667
3.06667
3.06667
2.70588
3.06667
3.06667
3.06667
3.06667
3.06667
3.06667
3.06667
3.06667
3.06667
3.06667
3.06667
3.06667
3.06667
3.06667
2.70588
3.06667
1.4
3.06667
3.06667
3.06667
3.06667
3.06667
3.06667
3.06667
3.06667
3.06667
3.06667
3.06667
3.06667
2.70588
3.06667
3.06667
3.06667
2.70588
3.06667
3.06667
3.06667
3.06667
3.06667
3.06667
3.06667
3.06667
3.06667
3.06667
3.06667
3.06667
3.06667
3.06667
2.70588
3.06667
3.06667
3.06667
3.06667
3.06667
3.06667
3.06667
3.06667
3.06667
3.06667
2.93333
2.70588
3.06667
3.06667
3.06667
2.70588
2.70588
3.06667
3.06667
3.06667
3.06667
3.06667
3.06667
3.06667
3.06667
3.06667
3.06667
3.06667
3.06667
3.06667
3.06667
